mistune : 13.928859449 seconds
cavemark: 5.57010197 seconds (2.5 times faster!)

mistune : 13.980875624 seconds
cavemark: 5.646393874 seconds (2.5 times faster!)

mistune : 13.941337609 seconds
cavemark: 5.608549864 seconds (2.5 times faster!)
