cavemark     : 7.8007057170000005 seconds
mistune      : 16.14421859 seconds
difference   : -8.343512873000002 seconds

cavemark     : 7.57758824 seconds
mistune      : 13.676145506 seconds
difference   : -6.098557265999999 seconds

cavemark     : 7.850794522 seconds
mistune      : 14.272444081000002 seconds
difference   : -6.421649559000001 seconds
