cavemark     : 6.717382162 seconds
mistune      : 13.820315891000002 seconds
difference   : -7.102933729000002 seconds

cavemark     : 6.620183577 seconds
mistune      : 13.586179369 seconds
difference   : -6.965995792 seconds

cavemark     : 6.562046711 seconds
mistune      : 13.491889057000002 seconds
difference   : -6.929842346000002 seconds
