cavemark     : 1.201506845 seconds
mistune      : 9.824742759 seconds
difference   : -8.623235913999999 seconds

cavemark     : 1.19813921 seconds
mistune      : 8.900979411 seconds
difference   : -7.702840201 seconds

cavemark     : 1.17185305 seconds
mistune      : 9.107028176 seconds
difference   : -7.935175126 seconds
