cavemark     : 7.5477250830000004 seconds
mistune      : 13.808244271000001 seconds
difference   : -6.260519188000001 seconds

cavemark     : 8.101437898999999 seconds
mistune      : 14.601920661000001 seconds
difference   : -6.5004827620000025 seconds

cavemark     : 7.769339457 seconds
mistune      : 14.126084542000001 seconds
difference   : -6.356745085000001 seconds
