mistune : 18.177862088 seconds
cavemark: 9.386662586 seconds (1.9 times faster!)

mistune : 18.733004819999998 seconds
cavemark: 9.601156947 seconds (2.0 times faster!)

mistune : 18.762310276999997 seconds
cavemark: 9.647228555 seconds (1.9 times faster!)
