mistune : 10.141159687 seconds
cavemark: 1.728199896 seconds (5.9 times faster!)

mistune : 9.768847644000001 seconds
cavemark: 1.7137211739999998 seconds (5.7 times faster!)

mistune : 9.077121615 seconds
cavemark: 1.703783539 seconds (5.3 times faster!)
