cavemark     : 1.167056753 seconds
mistune      : 9.471078989 seconds
difference   : -8.304022236 seconds

cavemark     : 1.095740879 seconds
mistune      : 9.800921726 seconds
difference   : -8.705180847000001 seconds

cavemark     : 1.0966438090000001 seconds
mistune      : 9.421558765 seconds
difference   : -8.324914956 seconds
