cavemark     : 1.2653777339999999 seconds
mistune      : 9.957308523 seconds
difference   : -8.691930789 seconds

cavemark     : 1.1717908750000001 seconds
mistune      : 9.865782858 seconds
difference   : -8.693991983 seconds

cavemark     : 1.1799479840000002 seconds
mistune      : 9.488499085 seconds
difference   : -8.308551101 seconds
