mistune : 12.311563448000001 seconds
cavemark: 3.1916073270000003 seconds (3.9 times faster!)

mistune : 12.470256598999999 seconds
cavemark: 3.376128782 seconds (3.7 times faster!)

mistune : 13.637612451999999 seconds
cavemark: 3.126377384 seconds (4.4 times faster!)
