cavemark     : 6.646010168 seconds
mistune      : 12.874110873 seconds
difference   : -6.228100704999999 seconds

cavemark     : 6.723984773000001 seconds
mistune      : 13.174228654 seconds
difference   : -6.450243881 seconds

cavemark     : 6.67836511 seconds
mistune      : 13.056082964000002 seconds
difference   : -6.377717854000002 seconds
